15
5
2 2 2 3 2
5
2 2 2 1 2
5
1 2 2 2 1
6
2 2 3 3 3 4
2
3 3
383
86 163 178 271 306 392 484 533 554 616 643 733 792 855 881 921 947 1019 1055 1066 1134 1201 1230 1312 1342 1404 1427 1494 1529 1558 1560 1582 1640 1709 1776 1869 1925 1936 1978 2007 2080 2101 2120 2204 2241 2339 2363 2378 2448 2461 2487 2578 2658 2714 2787 2849 2919 3015 3096 3101 3126 3210 3237 3273 3278 3324 3353 3366 3423 3447 3542 3624 3669 3683 3750 3784 3848 3891 3941 4028 4036 4112 4190 4278 4362 4365 4416 4470 4569 4601 4661 4737 4805 4844 4856 4882 4968 5062 5101 5196 5266 5300 5378 5445 5446 5543 5545 5562 5654 5706 5762 5763 5843 5929 5970 6035 6124 6168 6187 6227 6256 6287 6304 6401 6472 6553 6628 6637 6664 6731 6787 6884 6937 7023 7088 7094 7177 7196 7220 7248 7319 7351 7380 7383 7402 7472 7540 7548 7563 7603 7652 7748 7771 7789 7834 7880 7931 7952 8007 8086 8174 8238 8266 8307 8357 8450 8450 8484 8548 8572 8586 8673 8729 8772 8863 8890 8955 9014 9050 9082 9133 9170 9198 9273 9280 9354 9375 9433 9528 9557 9594 9629 9722 9740 9768 9811 9822 9850 9879 9955 9959 10002 10065 10078 10116 10122 10162 10166 10184 10212 10300 10369 10386 10403 10499 10523 10566 10636 10719 10809 10908 10980 11005 11049 11139 11144 11183 11237 11323 11392 11474 11516 11580 11677 11684 11739 11743 11791 11802 11824 11852 11951 11994 12040 12108 12148 12170 12181 12191 12196 12197 12258 12288 12366 12371 12391 12427 12471 12497 12519 12584 12592 12608 12690 12748 12772 12809 12871 12895 12895 12931 12983 13082 13161 13211 13279 13350 13423 13454 13535 13565 13598 13692 13752 13815 13914 13995 14094 14190 14249 14322 14335 14403 14493 14588 14614 14680 14764 14804 14894 14978 15054 15096 15132 15139 15184 15240 15319 15337 15424 15436 15484 15556 15615 15624 15660 15670 15712 15799 15805 15806 15819 15891 15912 15967 15986 16085 16106 16110 16149 16160 16200 16267 16272 16300 16327 16377 16461 16519 16539 16563 16585 16654 16750 16831 16861 16945 17037 17109 17181 17231 17256 17341 17363 17462 17502 17544 17642 17655 17753 17843 17867 17957 17966 18047 18066 18102 18134 18189 18283 18287 18366 18435 18508 18584 18634 18689 18749 18791 18870 18954 19047 5947
621
67 71 84 145 199 225 284 328 330 332 338 422 443 485 553 581 670 742 750 808 906 942 950 1003 1051 1054 1087 1120 1168 1258 1312 1379 1425 1493 1522 1522 1568 1656 1753 1802 1892 1895 1928 1991 2088 2141 2233 2319 2344 2396 2492 2567 2655 2712 2741 2777 2837 2851 2872 2932 2936 2964 2991 3041 3089 3145 3147 3241 3338 3437 3480 3519 3521 3549 3552 3552 3633 3680 3718 3777 3828 3863 3897 3936 4028 4043 4070 4074 4103 4152 4216 4301 4330 4373 4408 4485 4485 4523 4594 4643 4732 4799 4887 4979 5074 5117 5161 5190 5280 5362 5402 5443 5512 5538 5570 5631 5673 5733 5750 5773 5834 5915 5924 6014 6039 6135 6202 6279 6313 6403 6429 6453 6510 6524 6592 6597 6655 6667 6753 6753 6799 6825 6919 6935 6987 7065 7094 7140 7230 7277 7347 7398 7478 7509 7602 7659 7686 7698 7784 7798 7853 7865 7955 7967 8046 8056 8125 8214 8288 8343 8384 8404 8437 8524 8612 8650 8716 8786 8870 8926 8943 8949 9009 9058 9095 9100 9159 9176 9194 9239 9322 9395 9453 9526 9563 9652 9735 9742 9820 9877 9891 9962 9991 9991 10050 10068 10106 10131 10219 10293 10326 10383 10464 10557 10615 10685 10784 10801 10840 10909 10972 10994 11088 11161 11208 11239 11301 11383 11473 11565 11656 11713 11728 11749 11806 11880 11971 12018 12069 12100 12121 12158 12198 12252 12282 12380 12405 12486 12502 12518 12520 12551 12590 12686 12690 12728 12808 12826 12847 12917 12979 12991 13070 13147 13232 13268 13272 13348 13431 13438 13497 13554 13598 13697 13708 13735 13785 13821 13881 13899 13904 13967 14016 14060 14071 14076 14110 14201 14276 14331 14345 14434 14502 14595 14613 14618 14700 14722 14804 14821 14851 14944 15018 15044 15137 15223 15276 15319 15393 15407 15420 15499 15576 15638 15713 15801 15820 15830 15862 15956 15973 16019 16054 16091 16182 16235 16278 16351 16379 16404 16495 16505 16523 16540 16576 16639 16694 16784 16842 16872 16876 16947 17008 17041 17126 17215 17288 17292 17343 17348 17398 17466 17469 17554 17560 17655 17694 17743 17763 17830 17856 17919 17996 18092 18173 18238 18298 18334 18389 18459 18477 18488 18530 18562 18658 18737 18758 18828 18912 18984 19011 19045 19085 19168 19240 19338 19368 19431 19478 19528 19558 19631 19645 19704 19726 19773 19797 19879 19914 19946 19950 20004 20047 20145 20231 20271 20349 20408 20470 20532 20615 20656 20704 20727 20751 20823 20845 20899 20934 20955 21012 21077 21124 21195 21271 21340 21358 21359 21362 21415 21448 21455 21514 21542 21548 21645 21665 21749 21757 21791 21889 21980 22056 22154 22169 22221 22292 22381 22440 22446 22456 22472 22496 22505 22544 22544 22622 22631 22684 22765 22779 22817 22906 22932 22999 23046 23069 23156 23187 23219 23241 23322 23397 23447 23526 23616 23670 23720 23751 23764 23821 23915 23996 24077 24080 24100 24133 24215 24296 24383 24398 24494 24519 24523 24545 24637 24688 24785 24817 24851 24932 24938 24953 25010 25018 25113 25212 25274 25371 25454 25530 25584 25661 25670 25757 25789 25871 25892 25958 26021 26081 26163 26174 26259 26345 26430 26460 26550 26633 26647 26723 26739 26759 26851 26876 26904 26943 26968 27058 27094 27154 27172 27215 27252 27280 27362 27383 27393 27448 27536 27561 27576 27646 27683 27736 27744 27766 27849 27899 27956 28053 28080 28106 28175 28246 28297 28346 28356 28384 28423 28521 28609 28619 28712 28789 28879 28955 29054 29106 29137 29224 29301 29400 29457 29523 29575 29592 29633 29668 29736 29834 29918 30013 30089 30094 30160 30188 30242 30270 30278 30371 30449 30546 30601 30673 30747 30792 30792 30817 30914 30997 31009 31036 31118 31139 31232 31266 31305 31339 31360 4159
985
57 111 172 234 306 347 363 415 465 527 609 708 725 779 852 867 873 924 988 1078 1141 1232 1304 1341 1378 1437 1465 1536 1616 1703 1759 1849 1890 1960 2012 2077 2088 2157 2174 2235 2318 2369 2381 2381 2387 2425 2492 2556 2645 2677 2731 2735 2810 2889 2930 2942 2980 3049 3085 3155 3211 3255 3315 3364 3378 3443 3457 3483 3569 3652 3691 3760 3795 3847 3868 3961 4051 4140 4149 4180 4253 4317 4352 4400 4495 4572 4585 4618 4716 4765 4820 4875 4968 5036 5092 5152 5185 5208 5294 5365 5423 5500 5540 5585 5666 5727 5817 5840 5890 5890 5944 6019 6083 6125 6149 6208 6227 6316 6360 6429 6467 6518 6594 6677 6696 6729 6772 6776 6832 6913 6988 7054 7065 7132 7144 7236 7265 7267 7335 7366 7368 7442 7449 7467 7483 7566 7643 7730 7802 7875 7932 7994 8019 8052 8149 8245 8263 8304 8357 8383 8457 8537 8630 8715 8763 8768 8798 8827 8886 8984 9044 9106 9130 9149 9229 9270 9272 9282 9362 9388 9471 9560 9600 9608 9631 9669 9726 9819 9850 9860 9880 9885 9975 9988 10079 10117 10187 10208 10275 10304 10375 10455 10498 10593 10692 10716 10804 10858 10944 11013 11045 11114 11124 11197 11227 11260 11323 11410 11489 11583 11632 11731 11782 11821 11885 11927 11957 12043 12058 12107 12122 12208 12289 12300 12334 12367 12454 12476 12563 12636 12679 12698 12740 12794 12838 12862 12901 12960 13023 13041 13094 13106 13175 13180 13184 13217 13316 13350 13369 13384 13419 13506 13559 13628 13678 13765 13767 13804 13866 13955 13965 13970 14030 14034 14045 14102 14131 14134 14150 14242 14263 14285 14290 14333 14412 14473 14501 14579 14626 14626 14671 14753 14840 14939 14990 15079 15165 15218 15244 15292 15386 15422 15428 15435 15527 15544 15608 15629 15649 15729 15795 15889 15943 15966 16003 16036 16120 16137 16149 16180 16197 16206 16271 16327 16335 16404 16449 16544 16566 16637 16732 16801 16860 16861 16937 16989 17060 17100 17125 17168 17240 17331 17420 17447 17513 17591 17603 17653 17749 17773 17806 17819 17905 18004 18074 18168 18236 18251 18292 18334 18373 18410 18473 18571 18661 18700 18702 18715 18746 18774 18831 18835 18906 18952 19035 19073 19098 19193 19233 19254 19326 19352 19386 19444 19469 19525 19577 19622 19694 19740 19779 19790 19873 19876 19937 19962 20004 20020 20059 20133 20177 20273 20303 20370 20464 20477 20534 20553 20613 20663 20755 20787 20863 20942 21032 21085 21120 21215 21313 21320 21361 21398 21468 21544 21584 21668 21669 21752 21752 21844 21853 21949 21989 22028 22091 22126 22130 22203 22209 22273 22296 22347 22396 22447 22477 22516 22520 22585 22671 22673 22698 22777 22868 22915 22922 23006 23037 23098 23117 23148 23201 23229 23256 23350 23369 23412 23493 23516 23584 23671 23710 23753 23791 23879 23973 23993 24073 24171 24257 24275 24327 24390 24488 24583 24593 24598 24677 24719 24785 24883 24908 24980 25058 25111 25177 25274 25322 25369 25441 25457 25543 25555 25614 25691 25691 25744 25841 25873 25876 25911 25962 25969 26067 26116 26170 26231 26237 26271 26274 26299 26383 26411 26508 26571 26604 26619 26679 26760 26774 26859 26956 26956 27053 27061 27090 27139 27152 27231 27265 27281 27295 27380 27455 27520 27606 27636 27662 27754 27770 27799 27868 27920 27929 27995 28010 28105 28138 28166 28242 28289 28302 28328 28328 28390 28476 28505 28568 28568 28576 28673 28689 28764 28846 28890 28930 28950 28976 28994 29059 29153 29252 29286 29332 29340 29393 29455 29458 29544 29586 29618 29652 29659 29669 29703 29772 29868 29883 29967 30063 30087 30169 30234 30285 30301 30362 30405 30442 30529 30590 30592 30673 30733 30821 30900 30920 30961 31054 31078 31106 31141 31149 31211 31253 31323 31419 31482 31548 31559 31559 31574 31661 31695 31727 31817 31867 31960 31993 32032 32112 32206 32299 32312 32366 32448 32492 32567 32590 32628 32679 32730 32803 32814 32879 32947 33028 33041 33124 33223 33300 33335 33349 33413 33482 33528 33535 33607 33698 33738 33749 33772 33859 33916 33952 34045 34084 34165 34185 34199 34270 34341 34359 34455 34489 34572 34636 34703 34800 34800 34867 34941 34976 35009 35099 35156 35188 35237 35266 35289 35379 35471 35518 35547 35596 35631 35653 35693 35761 35804 35859 35898 35964 35989 36025 36078 36138 36190 36210 36267 36271 36358 36441 36481 36502 36528 36625 36630 36657 36735 36763 36832 36902 36929 37027 37047 37110 37131 37191 37274 37290 37357 37380 37462 37554 37565 37600 37653 37716 37724 37786 37854 37949 38047 38107 38175 38251 38260 38333 38336 38423 38477 38550 38607 38688 38711 38740 38836 38880 38922 39002 39014 39023 39078 39125 39179 39245 39279 39338 39419 39461 39534 39535 39573 39644 39657 39715 39814 39836 39920 39975 40036 40126 40206 40277 40300 40303 40303 40323 40323 40365 40417 40429 40433 40440 40499 40557 40582 40676 40693 40751 40787 40877 40937 40963 40977 41050 41087 41152 41200 41221 41241 41250 41313 41313 41345 41431 41435 41468 41526 41582 41609 41619 41687 41718 41787 41815 41856 41902 41976 42034 42039 42049 42050 42115 42204 42271 42361 42387 42419 42457 42556 42561 42561 42623 42680 42712 42760 42821 42838 42845 42914 43011 43080 43118 43146 43185 43203 43273 43358 43450 43530 43572 43626 43659 43666 43709 43709 43759 43780 43865 43953 43973 44063 44103 44137 44184 44209 44292 44353 44447 44489 44519 44610 44673 44693 44713 44767 44805 44847 44939 44969 44991 45025 45110 45118 45212 45292 45300 45344 45346 45391 45475 45497 45584 45609 45666 45701 45703 45795 45843 45939 46025 46055 46095 46144 46195 46207 46263 46352 46406 46454 46526 46554 46636 46693 46781 46857 46894 46991 47011 47050 47144 47149 47163 47245 47327 47350 47419 47455 47470 47487 47571 47624 47723 47747 47801 47851 47887 47897 47989 48031 48089 48153 48176 48217 48238 48249 48318 48328 48388 48478 48480 48535 48582 48598 48687 48768 48807 48865 48882 48888 48963 48964 48975 49049 40126
265
77 143 219 288 349 383 416 452 479 485 584 681 697 757 796 866 933 1019 1105 1113 1180 1257 1323 1359 1394 1487 1524 1570 1589 1656 1668 1764 1798 1838 1855 1950 2024 2074 2105 2107 2115 2145 2196 2221 2263 2353 2400 2461 2537 2571 2640 2735 2798 2833 2864 2915 2995 3015 3112 3112 3200 3261 3357 3431 3432 3446 3515 3543 3559 3611 3693 3718 3800 3833 3835 3912 3935 3984 4074 4125 4160 4220 4266 4365 4412 4441 4443 4471 4520 4619 4647 4736 4749 4825 4888 4954 5044 5128 5222 5281 5317 5393 5477 5548 5557 5595 5595 5679 5718 5808 5843 5918 5968 6049 6075 6125 6187 6215 6293 6357 6436 6494 6547 6591 6625 6694 6705 6782 6787 6844 6880 6922 6956 7028 7093 7188 7198 7263 7295 7344 7351 7418 7494 7552 7553 7555 7615 7678 7760 7798 7825 7839 7935 7968 8026 8056 8110 8179 8186 8245 8272 8367 8368 8381 8448 8466 8526 8555 8590 8682 8713 8756 8768 8775 8828 8841 8903 8916 8944 9040 9091 9147 9157 9256 9297 9366 9447 9542 9632 9721 9775 9844 9880 9888 9970 9974 10000 10095 10128 10142 10229 10293 10350 10401 10425 10435 10499 10537 10560 10653 10687 10713 10714 10759 10784 10878 10944 10950 11039 11095 11142 11237 11263 11347 11350 11410 11450 11532 11587 11660 11708 11803 11893 11898 11944 12010 12077 12140 12144 12234 12242 12332 12400 12461 12496 12589 12644 12645 12696 12740 12750 12801 12892 12980 13015 13062 13110 13185 13266 13322 13322 13351 13402 13444 1926
949
60 61 125 189 232 304 359 370 403 445 501 541 637 696 732 790 800 828 874 971 1046 1140 1164 1220 1270 1295 1380 1433 1452 1523 1578 1658 1682 1701 1797 1864 1908 1911 1941 1970 2016 2102 2172 2266 2311 2369 2421 2429 2515 2613 2618 2631 2675 2705 2726 2773 2780 2838 2838 2916 2945 2952 3010 3063 3142 3149 3221 3296 3306 3308 3312 3320 3360 3386 3388 3474 3559 3565 3611 3634 3638 3689 3726 3727 3760 3770 3818 3910 3979 3979 4050 4100 4108 4189 4245 4332 4420 4448 4510 4561 4644 4662 4721 4744 4789 4803 4864 4946 5018 5025 5082 5111 5122 5216 5246 5290 5347 5425 5462 5488 5566 5626 5654 5740 5781 5865 5890 5972 6037 6076 6109 6157 6215 6259 6282 6337 6347 6432 6521 6604 6648 6694 6706 6761 6854 6896 6896 6946 6966 7055 7083 7133 7182 7238 7275 7317 7358 7372 7396 7454 7508 7517 7575 7639 7693 7774 7793 7809 7827 7887 7986 8049 8055 8118 8136 8235 8240 8310 8311 8388 8399 8428 8456 8468 8554 8571 8626 8705 8788 8867 8956 8993 9082 9129 9182 9277 9357 9381 9392 9491 9575 9586 9600 9643 9669 9753 9795 9827 9834 9930 9991 10009 10034 10075 10106 10169 10179 10265 10359 10453 10470 10505 10588 10646 10728 10765 10818 10833 10846 10863 10877 10975 11055 11135 11176 11182 11246 11281 11319 11342 11373 11425 11467 11476 11521 11546 11570 11626 11689 11760 11762 11842 11848 11933 12024 12113 12187 12231 12287 12375 12436 12506 12544 12585 12587 12666 12714 12732 12798 12836 12878 12928 12970 13054 13113 13201 13262 13297 13393 13417 13423 13521 13577 13590 13625 13672 13726 13788 13832 13842 13844 13901 13933 13973 14024 14110 14181 14280 14284 14373 14462 14508 14547 14631 14713 14763 14835 14878 14964 15032 15051 15143 15161 15237 15294 15347 15422 15485 15500 15519 15544 15613 15690 15699 15708 15788 15883 15915 15946 15946 15968 15988 16034 16047 16103 16132 16196 16224 16248 16298 16346 16390 16484 16502 16574 16578 16650 16697 16764 16803 16822 16915 16924 16972 17026 17096 17124 17174 17229 17288 17338 17367 17398 17446 17488 17576 17653 17659 17727 17781 17789 17858 17956 17959 18046 18116 18123 18134 18203 18229 18232 18272 18343 18407 18495 18521 18607 18623 18699 18740 18767 18845 18867 18926 18952 19017 19116 19120 19143 19210 19268 19300 19388 19396 19483 19559 19589 19683 19722 19773 19845 19887 19979 20023 20029 20109 20131 20224 20273 20371 20457 20485 20561 20570 20657 20659 20685 20723 20781 20830 20888 20956 21037 21083 21111 21131 21205 21263 21277 21291 21353 21392 21448 21502 21537 21552 21586 21643 21703 21738 21745 21791 21855 21938 21993 21996 22033 22066 22108 22156 22239 22239 22307 22323 22369 22418 22455 22476 22535 22538 22625 22646 22688 22731 22806 22883 22893 22955 23041 23111 23208 23301 23318 23379 23407 23431 23448 23514 23572 23631 23697 23790 23849 23935 23944 24001 24036 24082 24112 24207 24209 24226 24242 24338 24351 24443 24517 24540 24546 24606 24700 24703 24709 24772 24789 24823 24862 24896 24948 24997 25090 25108 25150 25154 25159 25163 25176 25268 25270 25314 25401 25405 25466 25522 25523 25549 25597 25624 25674 25728 25767 25863 25872 25917 25928 25954 26034 26036 26048 26080 26132 26189 26192 26238 26299 26359 26409 26436 26488 26541 26612 26652 26709 26793 26841 26851 26862 26910 26947 26960 27014 27091 27152 27215 27289 27313 27355 27409 27435 27489 27528 27606 27670 27712 27737 27814 27816 27843 27847 27901 27981 28056 28102 28192 28252 28346 28346 28369 28411 28501 28589 28685 28704 28753 28765 28858 28883 28937 28985 29036 29096 29183 29265 29289 29318 29377 29379 29462 29548 29554 29591 29658 29692 29728 29737 29783 29813 29822 29891 29916 29967 30024 30097 30167 30225 30310 30374 30457 30496 30560 30646 30698 30701 30769 30845 30877 30904 30934 31001 31067 31104 31108 31141 31212 31304 31398 31415 31490 31545 31583 31583 31590 31637 31710 31787 31844 31903 31996 32088 32138 32195 32273 32275 32335 32382 32413 32457 32483 32544 32555 32647 32745 32813 32890 32911 32971 33042 33132 33219 33298 33378 33465 33551 33630 33643 33706 33742 33766 33775 33803 33877 33943 34002 34031 34058 34116 34176 34247 34331 34404 34439 34468 34492 34495 34553 34598 34613 34695 34783 34786 34847 34915 34957 35004 35004 35059 35121 35157 35188 35259 35276 35334 35372 35448 35535 35552 35586 35685 35725 35795 35867 35894 35945 36041 36123 36133 36227 36325 36417 36499 36552 36605 36607 36654 36706 36760 36815 36829 36920 37006 37044 37104 37148 37176 37264 37347 37392 37414 37448 37485 37529 37536 37601 37697 37752 37799 37805 37854 37951 38001 38084 38086 38089 38127 38177 38232 38324 38329 38350 38385 38476 38487 38582 38670 38709 38792 38815 38851 38908 38966 38992 38994 39059 39150 39200 39220 39310 39318 39340 39428 39486 39543 39633 39694 39789 39829 39897 39937 40034 40075 40150 40191 40244 40267 40296 40340 40398 40450 40483 40499 40509 40568 40638 40665 40715 40787 40787 40827 40907 40981 41061 41099 41130 41201 41300 41379 41442 41461 41480 41541 41553 41599 41653 41670 41739 41822 41884 41912 41999 42094 42190 42240 42294 42360 42389 42445 42483 42512 42608 42626 42681 42710 42718 42805 42805 42812 42830 42845 42923 42960 42988 43078 43113 43195 43203 43208 43225 43247 43332 43389 43458 43539 43546 43569 43668 43704 43783 43872 43890 43917 43924 43997 44053 44068 44080 44088 44162 44192 44268 44272 44291 44347 44393 44448 44487 44493 44505 44513 44541 44638 44703 44800 44830 44902 44974 45003 45064 45067 45085 45116 45199 45276 45332 45423 45467 45536 45588 45658 45709 45737 45763 45786 45870 45942 45972 46047 46126 46220 35164
259
91 140 149 222 296 377 379 414 451 523 589 609 610 684 695 740 783 798 865 912 955 1048 1070 1150 1167 1171 1178 1274 1372 1463 1471 1560 1653 1670 1732 1799 1849 1865 1919 2006 2046 2118 2177 2218 2264 2287 2325 2367 2405 2410 2499 2581 2631 2694 2708 2775 2842 2863 2879 2944 3009 3033 3039 3097 3138 3158 3183 3274 3362 3441 3472 3500 3551 3641 3710 3807 3820 3879 3970 4022 4038 4070 4156 4222 4317 4317 4402 4416 4489 4490 4569 4607 4684 4721 4817 4835 4892 4965 5027 5072 5076 5169 5194 5201 5236 5282 5287 5336 5341 5389 5442 5515 5596 5635 5674 5750 5841 5918 6009 6073 6103 6125 6180 6188 6248 6299 6325 6394 6471 6511 6526 6607 6640 6732 6821 6890 6929 6975 7045 7141 7235 7258 7328 7403 7417 7478 7482 7487 7525 7620 7641 7710 7779 7855 7932 7961 8041 8096 8195 8252 8348 8414 8452 8533 8591 8670 8672 8721 8746 8770 8816 8888 8935 8951 8998 9059 9136 9187 9205 9221 9319 9359 9396 9464 9480 9546 9595 9691 9712 9760 9765 9834 9900 9996 10047 10124 10199 10204 10230 10283 10313 10385 10410 10439 10527 10599 10642 10660 10736 10797 10883 10909 10910 10933 11027 11097 11186 11282 11300 11362 11458 11482 11514 11577 11597 11632 11672 11719 11811 11829 11829 11851 11894 11919 11923 12006 12056 12103 12104 12182 12190 12277 12281 12343 12405 12456 12488 12539 12586 12588 12654 12697 12723 12773 12831 12929 12966 13016 9458
229
69 167 171 183 259 267 314 392 447 496 504 567 603 667 744 795 810 819 873 887 899 919 929 1019 1089 1157 1198 1205 1276 1315 1404 1444 1533 1626 1630 1647 1700 1751 1798 1806 1858 1913 1936 1977 2049 2050 2142 2181 2243 2289 2343 2369 2388 2404 2473 2562 2646 2656 2705 2760 2761 2851 2898 2940 3023 3026 3038 3126 3133 3144 3240 3251 3270 3341 3393 3484 3508 3604 3634 3721 3764 3800 3865 3927 3979 4013 4016 4105 4201 4205 4301 4398 4492 4588 4680 4709 4808 4864 4881 4939 5006 5071 5093 5179 5216 5290 5367 5428 5499 5507 5507 5573 5669 5735 5815 5864 5864 5899 5937 6034 6074 6108 6154 6240 6270 6360 6376 6458 6504 6589 6681 6695 6746 6760 6812 6852 6893 6923 6976 7040 7130 7184 7214 7300 7372 7434 7521 7593 7690 7715 7736 7825 7885 7905 7981 8023 8033 8125 8149 8158 8187 8256 8331 8411 8494 8521 8541 8565 8574 8648 8736 8835 8915 8985 9023 9075 9107 9132 9208 9290 9341 9439 9510 9573 9643 9690 9747 9779 9870 9904 9945 9966 9969 9985 10038 10076 10172 10198 10261 10266 10318 10321 10378 10410 10436 10531 10567 10625 10645 10657 10749 10772 10834 10898 10936 10968 11031 11079 11144 11151 11233 11291 11319 11356 11383 11416 11491 11514 3633
990
28 39 85 170 265 337 369 400 482 487 583 658 686 744 783 802 845 899 966 1026 1087 1088 1158 1199 1237 1334 1409 1422 1442 1528 1584 1585 1683 1685 1723 1768 1842 1865 1894 1950 1978 2003 2034 2042 2077 2099 2178 2208 2285 2331 2421 2511 2558 2571 2603 2640 2650 2657 2708 2791 2884 2891 2927 2970 2979 3005 3094 3129 3178 3196 3287 3364 3459 3482 3520 3550 3647 3664 3677 3751 3767 3822 3887 3902 3970 4019 4072 4151 4207 4263 4277 4278 4293 4343 4440 4516 4592 4630 4641 4667 4675 4677 4732 4735 4812 4905 4990 5065 5076 5174 5175 5202 5208 5226 5268 5342 5409 5456 5509 5532 5535 5602 5679 5697 5766 5792 5886 5932 5996 6001 6025 6097 6157 6236 6263 6300 6325 6389 6453 6489 6504 6570 6585 6606 6690 6699 6794 6846 6903 6904 6931 6991 7011 7067 7098 7188 7270 7295 7383 7429 7512 7524 7594 7637 7728 7777 7809 7825 7891 7988 7992 8073 8136 8207 8261 8360 8441 8442 8493 8583 8585 8616 8618 8693 8780 8813 8878 8948 8959 8964 9032 9078 9095 9186 9275 9335 9427 9500 9529 9587 9657 9690 9781 9866 9923 10020 10057 10147 10246 10334 10414 10467 10538 10572 10600 10659 10679 10724 10805 10888 10938 10939 10968 10987 11079 11149 11229 11266 11309 11318 11365 11431 11525 11564 11567 11570 11658 11698 11791 11878 11959 11984 12025 12077 12089 12110 12173 12205 12272 12316 12331 12400 12446 12490 12579 12669 12683 12704 12731 12740 12770 12845 12920 12996 13062 13093 13173 13227 13298 13323 13365 13369 13372 13407 13464 13479 13535 13607 13654 13729 13746 13760 13805 13868 13926 14012 14065 14089 14096 14177 14210 14299 14307 14368 14385 14459 14551 14600 14628 14643 14718 14740 14812 14842 14899 14980 15025 15091 15144 15236 15277 15347 15405 15443 15528 15544 15568 15607 15699 15782 15854 15931 16003 16035 16073 16115 16121 16203 16294 16380 16430 16448 16457 16479 16527 16545 16600 16645 16729 16737 16826 16904 16983 17030 17046 17110 17125 17218 17273 17280 17356 17435 17520 17521 17532 17607 17702 17771 17781 17867 17923 17935 17992 18009 18095 18152 18187 18228 18231 18303 18352 18444 18494 18574 18614 18632 18729 18784 18795 18799 18814 18854 18938 18938 19031 19078 19105 19193 19210 19247 19321 19394 19395 19478 19568 19655 19696 19773 19801 19897 19898 19928 20016 20019 20029 20109 20131 20190 20226 20311 20375 20378 20455 20455 20510 20580 20627 20709 20767 20831 20903 20988 21025 21098 21166 21245 21306 21367 21376 21465 21522 21532 21551 21597 21663 21745 21823 21911 21952 22018 22043 22100 22169 22172 22229 22253 22278 22283 22290 22374 22443 22474 22543 22602 22606 22695 22785 22850 22901 22952 22959 22967 23029 23107 23113 23141 23201 23286 23354 23408 23459 23504 23515 23536 23536 23605 23650 23676 23702 23706 23768 23863 23898 23929 23935 23975 23995 24044 24101 24124 24124 24140 24172 24186 24281 24371 24413 24420 24495 24557 24570 24649 24709 24786 24786 24846 24892 24989 25027 25051 25105 25105 25176 25265 25296 25374 25455 25459 25538 25629 25656 25735 25742 25753 25847 25901 25903 25991 26005 26034 26037 26116 26124 26187 26243 26303 26378 26432 26442 26456 26534 26598 26612 26662 26715 26813 26893 26980 27034 27093 27171 27204 27242 27279 27324 27408 27452 27551 27624 27682 27710 27738 27775 27864 27955 28001 28050 28068 28068 28127 28159 28238 28261 28360 28389 28418 28515 28524 28540 28543 28563 28609 28645 28703 28786 28819 28914 28941 28973 28993 29030 29043 29091 29118 29120 29211 29284 29287 29296 29321 29384 29426 29430 29468 29561 29646 29665 29707 29753 29840 29885 29951 29984 30065 30142 30211 30226 30298 30346 30445 30537 30575 30587 30627 30692 30706 30737 30827 30897 30989 31004 31037 31123 31195 31218 31297 31354 31449 31470 31474 31556 31574 31596 31664 31716 31815 31904 31923 31994 32083 32101 32116 32143 32226 32281 32325 32374 32412 32446 32465 32548 32550 32554 32623 32697 32725 32774 32857 32880 32902 32941 32998 33091 33153 33178 33223 33236 33302 33366 33403 33459 33493 33545 33628 33645 33705 33785 33852 33902 33968 34054 34087 34155 34246 34249 34343 34414 34418 34496 34542 34620 34637 34692 34763 34842 34875 34943 35036 35135 35219 35301 35356 35375 35409 35500 35588 35682 35753 35760 35857 35946 36040 36070 36128 36165 36250 36254 36314 36403 36485 36543 36563 36563 36576 36667 36698 36744 36756 36832 36878 36974 37032 37085 37152 37197 37241 37297 37388 37455 37518 37606 37615 37624 37643 37662 37760 37816 37839 37897 37995 38001 38017 38035 38093 38175 38236 38277 38305 38378 38396 38422 38492 38520 38600 38637 38710 38786 38831 38896 38992 39001 39054 39059 39129 39153 39177 39246 39279 39326 39353 39384 39389 39485 39534 39597 39675 39685 39742 39800 39836 39911 39996 40054 40057 40122 40169 40198 40239 40332 40426 40463 40517 40616 40710 40734 40810 40828 40873 40882 40900 40925 41017 41040 41061 41102 41141 41192 41195 41291 41300 41391 41414 41508 41557 41635 41646 41743 41802 41855 41945 41998 42040 42136 42141 42230 42302 42335 42342 42360 42454 42531 42574 42660 42713 42729 42808 42900 42967 43049 43089 43117 43191 43206 43229 43304 43349 43383 43455 43460 43499 43513 43523 43557 43567 43582 43605 43640 43640 43722 43775 43869 43929 44025 44057 44070 44082 44093 44150 44181 44275 44324 44383 44403 44419 44453 44548 44609 44630 44650 44716 44728 44814 44891 44937 44986 45030 45051 45135 45180 45236 45273 45364 45380 45465 45489 45570 45619 45706 45796 45876 45957 46048 46139 46192 46199 46225 46226 46294 46341 46414 46501 46512 46571 46635 46645 46653 46713 46744 46788 46845 46932 46965 47014 47069 47087 47112 47200 47267 47279 47357 47456 47502 47571 47662 47713 47741 47810 47814 47911 47979 48056 48140 48219 48308 48308 48397 48446 48506 48579 48673 48691 48703 48730 48749 48769 48815 48911 48919 48984 49044 49083 49100 49106 49166 49174 49184 49273 49302 49316 1966
297
92 166 194 275 349 367 397 483 526 602 658 713 717 744 771 773 848 884 903 939 966 1002 1096 1183 1227 1231 1307 1380 1399 1465 1487 1550 1590 1641 1737 1803 1824 1902 1907 1971 2026 2087 2158 2169 2210 2309 2322 2338 2425 2457 2461 2475 2496 2595 2596 2661 2716 2746 2837 2863 2959 3024 3113 3150 3166 3203 3206 3295 3311 3319 3324 3347 3369 3446 3532 3547 3575 3626 3709 3724 3807 3895 3924 3980 4019 4101 4123 4217 4229 4294 4315 4324 4406 4468 4514 4565 4565 4566 4606 4674 4736 4782 4825 4861 4936 4965 4968 4971 5051 5137 5155 5170 5196 5295 5367 5432 5513 5559 5619 5713 5776 5857 5912 5957 6000 6053 6149 6244 6298 6387 6450 6518 6553 6611 6667 6677 6764 6823 6888 6955 7001 7084 7167 7239 7273 7280 7318 7333 7386 7436 7445 7461 7544 7608 7669 7747 7816 7826 7900 7924 8023 8112 8156 8190 8238 8239 8335 8370 8430 8491 8546 8604 8700 8790 8821 8851 8948 8969 9066 9116 9139 9198 9216 9222 9297 9328 9412 9457 9498 9508 9577 9617 9617 9682 9708 9708 9774 9848 9883 9910 9997 10039 10076 10159 10191 10259 10324 10353 10394 10457 10488 10552 10574 10623 10693 10742 10823 10830 10924 10946 10963 10978 10993 11010 11091 11184 11201 11248 11316 11321 11347 11402 11449 11513 11604 11636 11720 11776 11837 11915 11986 12031 12073 12118 12212 12277 12372 12399 12471 12560 12562 12651 12656 12673 12732 12818 12828 12856 12941 12971 13056 13120 13206 13291 13371 13448 13465 13529 13614 13644 13686 13695 13770 13807 13861 13883 13885 13886 13935 13961 14052 14103 14170 14218 14238 14264 14350 14433 14440 14511 14524 14616 14703 14754 14783 14850 9830
146
32 98 175 201 228 232 295 376 402 419 454 482 525 603 634 645 671 675 764 776 863 959 994 1046 1087 1162 1166 1236 1278 1362 1379 1453 1455 1501 1554 1583 1633 1649 1712 1741 1827 1925 1982 2011 2087 2175 2215 2269 2361 2391 2409 2440 2518 2523 2607 2626 2706 2746 2788 2811 2887 2946 2995 3026 3083 3085 3145 3204 3275 3350 3438 3495 3568 3613 3651 3652 3738 3769 3824 3854 3867 3940 4002 4093 4172 4270 4333 4392 4482 4487 4569 4635 4651 4735 4832 4905 4991 5001 5085 5094 5179 5252 5270 5281 5351 5408 5420 5428 5516 5584 5623 5624 5717 5770 5814 5838 5889 5948 6032 6125 6189 6207 6266 6298 6300 6309 6366 6407 6426 6468 6470 6526 6541 6562 6629 6666 6696 6728 6774 6792 6844 6929 7000 7045 7135 4787
